SPEAKER         id       #SENT      #WORD       Corr        Sub        Ins        Del        Err      S.Err
tst2013.talkid1518 raw         90       1228       1108         99         30         21        150         55
tst2013.talkid1518 sys         90       1228      90.23       8.06       2.44       1.71      12.21      61.11
tst2013.talkid1520 raw         56       1397       1277         90         20         30        140         40
tst2013.talkid1520 sys         56       1397      91.41       6.44       1.43       2.15      10.02      71.43
tst2013.talkid1532 raw         78       1495       1367        103         32         25        160         56
tst2013.talkid1532 sys         78       1495      91.44       6.89       2.14       1.67      10.70      71.79
tst2013.talkid1534 raw         59       1119        970         88         22         61        171         42
tst2013.talkid1534 sys         59       1119      86.68       7.86       1.97       5.45      15.28      71.19
tst2013.talkid1539 raw         18        525        476         42         23          7         72         14
tst2013.talkid1539 sys         18        525      90.67       8.00       4.38       1.33      13.71      77.78
tst2013.talkid1541 raw        124       2528       2430         89         34          9        132         63
tst2013.talkid1541 sys        124       2528      96.12       3.52       1.34       0.36       5.22      50.81
tst2013.talkid1548 raw         59       1062        979         60         30         23        113         37
tst2013.talkid1548 sys         59       1062      92.18       5.65       2.82       2.17      10.64      62.71
tst2013.talkid1553 raw         41        797        735         48         20         14         82         28
tst2013.talkid1553 sys         41        797      92.22       6.02       2.51       1.76      10.29      68.29
tst2013.talkid1592 raw         33        661        643         16          9          2         27         11
tst2013.talkid1592 sys         33        661      97.28       2.42       1.36       0.30       4.08      33.33
tst2013.talkid1600 raw         40        673        607         54         17         12         83         27
tst2013.talkid1600 sys         40        673      90.19       8.02       2.53       1.78      12.33      67.50
tst2013.talkid1610 raw         51        934        888         38          9          8         55         24
tst2013.talkid1610 sys         51        934      95.07       4.07       0.96       0.86       5.89      47.06
tst2013.talkid1617 raw        123       2174       1949        193         68         32        293         83
tst2013.talkid1617 sys        123       2174      89.65       8.88       3.13       1.47      13.48      67.48
tst2013.talkid1634 raw         27        540        505         30          3          5         38         15
tst2013.talkid1634 sys         27        540      93.52       5.56       0.56       0.93       7.04      55.56
tst2013.talkid1637 raw        102       2003       1912         76         26         15        117         51
tst2013.talkid1637 sys        102       2003      95.46       3.79       1.30       0.75       5.84      50.00
tst2013.talkid1640 raw         83       1581       1436        106         30         39        175         57
tst2013.talkid1640 sys         83       1581      90.83       6.70       1.90       2.47      11.07      68.67
tst2013.talkid1646 raw         59        921        752        144         33         25        202         48
tst2013.talkid1646 sys         59        921      81.65      15.64       3.58       2.71      21.93      81.36
tst2013.talkid1647 raw         80       1758       1563        138         32         57        227         56
tst2013.talkid1647 sys         80       1758      88.91       7.85       1.82       3.24      12.91      70.00
tst2013.talkid1649 raw        178       3124       2676        319         57        129        505        133
tst2013.talkid1649 sys        178       3124      85.66      10.21       1.82       4.13      16.17      74.72
tst2013.talkid1651 raw         81       1694       1605         74         36         15        125         46
tst2013.talkid1651 sys         81       1694      94.75       4.37       2.13       0.89       7.38      56.79
tst2013.talkid1654 raw        108       2241       2183         48         23         10         81         39
tst2013.talkid1654 sys        108       2241      97.41       2.14       1.03       0.45       3.61      36.11
tst2013.talkid1658 raw        158       2936       2652        216         42         68        326         95
tst2013.talkid1658 sys        158       2936      90.33       7.36       1.43       2.32      11.10      60.13
tst2013.talkid1659 raw         51       1000        940         50         18         10         78         32
tst2013.talkid1659 sys         51       1000      94.00       5.00       1.80       1.00       7.80      62.75
tst2013.talkid1665 raw         48        886        733        109         20         44        173         41
tst2013.talkid1665 sys         48        886      82.73      12.30       2.26       4.97      19.53      85.42
tst2013.talkid1666 raw         63       1042        977         56         14          9         79         44
tst2013.talkid1666 sys         63       1042      93.76       5.37       1.34       0.86       7.58      69.84
tst2013.talkid1673 raw        183       3285       2779        368         70        138        576        156
tst2013.talkid1673 sys        183       3285      84.60      11.20       2.13       4.20      17.53      85.25
tst2013.talkid1685 raw        100       1505       1126        232         46        147        425         88
tst2013.talkid1685 sys        100       1505      74.82      15.42       3.06       9.77      28.24      88.00
tst2013.talkid1694 raw         90       1596       1187        287         65        122        474         81
tst2013.talkid1694 sys         90       1596      74.37      17.98       4.07       7.64      29.70      90.00
tst2013.talkid1699 raw         63        990        727        204         28         59        291         53
tst2013.talkid1699 sys         63        990      73.43      20.61       2.83       5.96      29.39      84.13
SUM             raw       2246      41695      37182       3377        857       1136       5370       1515
SUM             sys       2246      41695      89.18       8.10       2.06       2.72      12.88      67.45
